213
269 108
300 367
345 104
169 395
11 194
36 305
103 88
1 296
94 359
273 259
375 269
62 70
60 96
160 150
350 151
47 57
246 278
133 189
122 167
351 341
375 67
256 61
129 385
226 302
308 165
314 317
246 186
262 158
380 58
70 23
54 345
213 31
23 386
226 133
212 297
255 316
169 32
37 356
18 373
18 212
189 377
145 147
362 347
212 279
59 178
255 133
286 233
148 118
276 197
7 362
365 355
366 294
114 252
359 329
303 298
182 13
203 36
41 249
69 261
137 19
189 363
191 211
364 220
65 82
385 291
104 17
56 215
143 359
313 44
106 274
219 99
1 318
243 108
119 275
93 349
395 248
277 170
186 374
163 4
95 88
145 159
377 110
266 346
375 241
32 163
258 145
74 195
103 362
296 181
111 52
37 37
269 121
104 147
388 98
7 198
323 75
376 349
398 149
133 177
73 42
300 166
51 347
0 288
285 277
367 131
326 194
273 354
388 203
170 201
81 59
140 342
352 383
44 258
186 74
126 366
233 165
384 248
81 131
17 349
358 3
284 264
78 399
373 233
275 97
46 129
373 228
134 249
42 72
223 162
179 128
250 103
364 390
66 398
319 159
177 270
199 40
3 11
188 223
165 316
367 351
377 350
211 259
153 241
38 91
134 272
251 204
396 174
262 274
67 44
3 113
357 263
339 329
247 222
307 120
374 337
347 313
175 356
304 330
234 387
55 187
68 176
23 258
248 105
57 76
26 292
367 158
144 60
398 361
364 309
137 236
58 282
267 180
163 73
17 302
284 68
130 28
238 72
75 262
178 362
267 360
233 77
280 90
229 64
349 189
40 21
321 16
55 93
132 226
90 174
104 259
83 118
58 147
264 329
396 364
191 247
112 187
229 249
179 136
362 9
339 200
285 33
366 232
96 188
153 234
7 169
394 108
371 95
99 259
325 122
76 87
257 274
331 168
129 60
